2.538400802889004965e-02
2.025896355584965586e-02
3.169004259696125980e-02
2.926320498374996703e-03
5.557167054913604055e-03
1.867952626052327147e-02
6.262253779427924549e-02
2.452697194335114877e-02
1.469671896466693758e-02
1.766006852894310385e-03
7.286349473272979438e-02
1.576578245887814630e-02
6.468626592183783497e-02
7.666133621373043272e-02
7.023046060714718819e-02
3.515869360428989371e-02
6.003496897525719550e-02
6.508668935995337579e-02
9.449190318398052388e-03
3.976348021510512504e-02
3.032147809163651328e-02
4.069785990439878098e-02
4.886848344728051546e-02
4.435569700905456214e-02
1.179478555895982911e-01
