5.816621073553463785e-03
6.658626563933029568e-03
5.903293809110412779e-03
3.763562429806501831e-03
3.240951578463480837e-03
8.800222274564575842e-03
6.397212857986004503e-03
5.057513832725290225e-03
5.898741640819036604e-03
6.417477967827964896e-03
7.194431169207892753e-03
1.217517161180484142e-02
8.890908858354863850e-04
2.031489579828058001e-03
1.129871617728583737e-03
4.402310181536298571e-03
5.382886198879444084e-03
6.984395590682937471e-03
6.305350469712619858e-03
9.590115687487627341e-03
6.751436858938456367e-03
2.923975937558972397e-03
9.528501844218575240e-03
3.846635184290599866e-03
1.221613357357136977e-02
7.150153312478045413e-03
1.059627512227007823e-02
1.229563730232785361e-02
6.579284570636138516e-03
5.655410243363248428e-03
8.603440029995719843e-03
6.093296380510255898e-03
1.770381038763079893e-03
8.226583338976065085e-03
2.708275620651467291e-02
6.278392430939019539e-03
1.189156450664376370e-02
9.224997629770057689e-03
1.017054297696866165e-02
9.438307159107119787e-03
4.148124030920899950e-03
2.182682187314046243e-03
8.377542081240231531e-03
5.048844628067086435e-03
8.819561454648631310e-03
7.197090055936052402e-03
1.574074627996990827e-02
8.042656455245624642e-03
1.146772600478574572e-02
8.325036499476395208e-03
2.007635829084812584e-02
1.887284264397927694e-02
5.736265976427317413e-03
2.366634504984363799e-02
9.406257423722766409e-03
1.947553421173703336e-02
1.837527308618466110e-02
3.772158549348751666e-03
1.921767079720575547e-02
1.419440253359085212e-02
1.089312994756149594e-02
1.007000875365633361e-02
1.728053130928131412e-02
1.412074462574374953e-02
9.190647151449120311e-03
1.944177275056616083e-02
9.092485287360074081e-03
1.812831343205299761e-02
1.601902353338305676e-02
9.711838373188622781e-03
1.213493905798606817e-02
4.542687875694593341e-03
4.905288031561220487e-03
7.675488560117159527e-03
7.610591537727803141e-03
7.850993856768014728e-03
4.486587720187205225e-03
1.213867194000610439e-02
5.173082282108732929e-03
6.091633383148055761e-03
8.856007741145172085e-03
1.020319147293557646e-02
1.197827689719992671e-02
1.190387516013573406e-02
8.057579359531163998e-03
8.761501703148219869e-03
1.959253879263773632e-02
9.693375459246240597e-03
1.958476993808486860e-02
2.366716604027669160e-02
2.068867521180980246e-02
1.660603615247442655e-02
1.441989789785729122e-02
1.626349242141871682e-02
9.272069839651991136e-03
7.049539057169754673e-03
2.451356321446082273e-02
9.354381596685740902e-03
8.231203183342271357e-03
1.223823854141208901e-02
