71.036774620197
31.079937617302
60.302962131044
42.802417083373
46.691206247556
25.205528663922
26.156183681013
73.00065095492
34.252800143139
37.340858972256
74.970380618089
37.724460152538
34.95000330806
73.488251389248
26.747628049887
25.019799147323
49.336974492856
39.898369513591
56.984663858989
28.727016009021
73.08675032315
54.837574168553
73.411813688346
27.851180537687
54.400406820847
36.771653890928
53.748420427833
25.371602348464
29.710795888307
74.945081860549
41.961580658105
46.0366654989
72.638499962451
47.352560309361
44.51657429156
74.891894823408
33.246507901551
27.361819774597
61.303333488302
29.969380233078
43.86504746725
25.000228443967
74.628009193435
67.562876438685
74.262292158376
25.235434790945
38.893132194212
26.586864970439
68.333344895731
33.746811910628
44.088590700779
69.757136619389
60.106455702684
64.157660297864
58.659874138388
65.9236794284
63.975350484059
65.044580354123
52.877106491746
43.447901024548
74.416391641609
25.849196661968
26.99610193183
35.133950309795
60.696393672086
74.588060339345
58.240521876409
39.705964925413
25.087450041338
30.659416532992
73.77310386254
59.089815518868
68.927449322416
44.935182727481
74.994143225588
74.587515192195
31.812645065694
73.839962192014
74.363177578828
36.388092259509
74.417685998588
70.924230230902
62.263064251578
49.572521766881
34.610863890791
65.930649938398
30.365689815338
50.647205156465
28.377886657794
70.680461032734
44.100307197095
63.054203499628
45.145421591451
74.089854203785
67.858731627387
25.237502919362
51.748508872176
46.232953395251
32.613152710737
42.359640277794
43.847515507634
29.594052818677
53.943243073559
62.062491535906
27.166845136838
74.889925748656
71.514028305522
66.737264408127
37.939488762659
25.303174708971
41.984419274836
59.260607726074
74.999860512064
67.381973089541
27.662591181594
36.748640908067
27.941537554746
61.129142292195
25.913170635394
28.182269394511
73.098299039912
30.956530024376
30.259036162855
71.630053092525
26.036320111977
25.018501706996
51.58185431965
36.001538358266
50.407133630069
25.486878614668
74.968594160033
66.618452392156
74.143191436067
25.642411859786
35.453445287747
25.200544529441
72.561941646545
41.788655589438
55.093595037172
59.656322384259
71.05954652498
73.789605515958
40.880004819461
74.915361060265
74.852085187442
42.759126840879
72.564537846032
68.21060595915
64.835131518689
47.838078420111
34.290289739841
66.627458513831
29.056407392178
47.080227481901
26.347470063015
73.505751862005
51.599904273841
69.657147337777
35.803234666075
68.591597216331
56.932548309558
30.972162923265
36.913033745882
31.63134228428
48.951907035426
27.824676284088
27.927367199112
48.291336801428
32.396944483862
38.252452793399
29.746078994667
59.226998086873
70.381973695616
38.642253544951
67.12880822737
47.415515920466
71.535493159274
28.464124097298
52.582235355976
32.868447324533
61.362445636097
29.62195457413
40.780706845398
70.24817636969
61.75752437394
67.612150272506
51.694377833191
72.080059392389
72.183321805258
51.029269011934
68.382454152265
63.105582266062
69.012675821861
43.091348912599
31.426047106411
64.219707927079
30.324706801534
48.369262330103
26.483232631784
73.663491419643
