50.436310160932
50.872487417563
51.308398906074
51.743911843603
52.178893568691
52.613211581691
53.046733585129
53.479327524002
53.910861626006
54.341204441673
54.770224884414
55.197792270444
55.623776358597
56.048047389992
56.470476127563
56.890933895425
57.309292618068
57.725424859374
58.139203861429
58.550503583142
58.959198738633
59.365164835398
59.768278212232
60.168416076895
60.565456543517
60.959278669727
61.349762493489
61.736789069647
62.120240506158
62.5
62.875951872751
63.24798160583
63.615975875376
63.979822586769
64.339410908776
64.694631307312
65.045375578801
65.391536883141
65.733009776246
66.069690242163
66.401475724763
66.728265158971
67.049959001562
67.366459261475
67.677669529664
67.983495008466
68.283842540479
68.578620636935
68.867739505569
69.151111077974
69.428649036424
69.700268840168
69.965887751182
70.225424859374
70.478801107225
70.725939313876
70.966764198636
71.201202403911
71.429182517553
71.650635094611
71.865492678485
72.073689821473
72.275163104709
72.469851157479
72.657694675916
72.838636441065
73.012621336311
73.17959636417
73.33951066243
73.492315519648
73.637964389983
73.776412907379
73.907618899076
74.031542398458
74.148145657227
74.2573931569
74.359251619631
74.453690018345
74.540679586192
74.620193825305
74.692208514878
74.756701718539
74.813653791033
74.863047384207
74.904867452294
74.939101256496
74.965738368864
74.984770675477
74.99619237891
75
74.99619237891
74.984770675477
74.965738368864
74.939101256496
74.904867452294
74.863047384207
74.813653791033
74.756701718539
74.692208514878
74.620193825305
