1.247977822239671603e-02
5.902518230107516202e-03
7.005120277432440833e-03
8.805057765348515281e-03
1.146038818727743158e-02
1.232277789601324627e-02
1.937805373532180270e-02
2.927019562371846462e-03
5.558549894226950602e-03
5.386407684351922527e-03
1.329994812746126964e-02
1.635336567013841516e-02
1.246132923074625386e-02
3.848289207168069121e-03
2.998338733897805072e-02
2.452615620286947851e-02
1.469498651626134460e-02
1.766214936687501760e-03
3.530136383309558784e-02
3.756179629444509477e-02
1.576708916445522177e-02
2.224320775738007627e-02
2.293428197476209129e-02
1.950681318242788662e-02
2.839564381800383647e-02
1.886899256031824776e-02
2.939493630223812687e-02
2.887489896909493925e-02
1.837111662782793184e-02
2.298409582975414339e-02
1.419307306986396754e-02
2.096212658038820731e-02
3.139721546372006150e-02
2.862985390636056324e-02
2.721779568980631225e-02
3.786244845011499383e-02
9.450292128498363753e-03
7.674617157330862645e-03
7.610006048668135382e-03
2.447659190219172998e-02
3.031893968423917188e-02
2.387878442272347093e-02
1.681593942352093210e-02
1.958897399583458404e-02
2.927571023995825458e-02
4.434988801762871496e-02
1.660397156556515236e-02
3.068061589375176493e-02
4.083082712295802580e-02
2.981874423791468567e-02
